5075,1,0,ERR502408
11179,1,0,ERR502248
11191,1,0,ERR502248
24698,1,0,ERR369704
24720,2,0,ERR502248
26747,2,0,ERR502248
27518,409,0,ERR600676
30980,1,0,ERR369704
34568,2,0,ERR502248
36470,1,0,ERR369667
47138,409,0,ERR600676
49233,409,0,ERR600676
49690,2,0,ERR502248
55540,1,0,ERR369704
55543,2,0,ERR502248
55553,401,0,ERR600676
69937,408,0,ERR600676
71586,375,0,ERR600669
79281,1,0,ERR369704
82843,1,0,ERR369704
123740,1,0,ERR369704
125830,413,0,ERR600676
131174,413,0,ERR600676
132128,1,0,ERR369610
139556,1,0,ERR369704
149972,1,0,ERR502248
150895,336,0,ERR502429
151316,1,0,ERR502356
156409,1,0,ERR369704
176534,2,0,ERR502248
177057,2,0,ERR502248
194305,3,0,ERR502248
208316,1,0,ERR369704
208321,1,0,ERR369704
211282,1,0,ERR502248
223747,1,0,ERR369704
230576,3,0,ERR502248
230920,2,0,ERR502248
232876,1,0,ERR369704
234496,410,0,ERR600676
243923,2,0,ERR502248
257788,1,0,ERR369704
265170,1,0,ERR369704
279515,1,0,ERR369620
287141,2,0,ERR502248
293628,3,0,ERR502248
304698,1,0,ERR600662
330711,410,0,ERR600676
335685,1,0,ERR369704
335699,1,0,ERR369704
335846,229,0,ERR502429
336680,215,0,ERR502427
338843,24,0,ERR600630
362808,1,0,ERR369704
362892,1,0,ERR369756
366916,1,0,ERR369667
366939,1,0,ERR502248
367502,1,0,ERR502363
368087,1,0,ERR502248
368115,2,0,ERR502248
370607,1,0,ERR502248
373282,413,0,ERR600676
399909,1,0,ERR369704
416675,1,0,ERR369704
421795,1,0,ERR369667
424320,413,0,ERR600676
424790,1,0,ERR369704
427359,183,0,ERR600676
431156,1,0,ERR369704
431488,1,0,ERR502406
449945,1,0,ERR369753
455623,2,0,ERR502248
467497,412,0,ERR600676
467508,412,0,ERR600676
481526,2,0,ERR502248
485810,2,0,ERR502248
560540,2,0,ERR502248
562062,2,0,ERR502248
569896,1,0,ERR502383
577380,9,0,ERR600674
580694,65,0,ERR600674
580773,348,0,ERR600676
599200,409,0,ERR600676
608399,1,0,ERR369717
623297,1,0,ERR369704
624349,1,0,ERR369704
631370,1,0,ERR502406
673820,1,0,ERR369704
688792,3,0,ERR502248
691887,2,0,ERR502248
712135,1,0,ERR369734
712192,1,0,ERR369704
712985,2,0,ERR502248
736249,1,0,ERR369704
742634,2,0,ERR502295
757020,409,0,ERR600676
799136,1,0,ERR369704
830868,3,0,ERR502248
833430,1,0,ERR369704
836162,1,0,ERR502248
836468,1,0,ERR369704
836484,1,0,ERR369704
837254,1,0,ERR369704
838957,1,0,ERR369704
841289,2,0,ERR502248
847480,1,0,ERR369704
854252,411,0,ERR600676
874835,413,0,ERR600676
925342,1,0,ERR369704
926584,76,0,ERR502421
927140,1,0,ERR369704
930009,1,0,ERR369704
931024,409,0,ERR600676
936620,2,0,ERR502248
940928,2,0,ERR502248
946061,409,0,ERR600676
946917,1,0,ERR502248
952810,1,0,ERR369704
960038,1,0,ERR502380
964978,1,0,ERR502248
968426,375,0,ERR600675
976897,403,0,ERR600676
1002282,1,0,ERR369639
1007659,2,0,ERR502248
1010204,413,0,ERR600676
1075167,1,0,ERR369704
1077624,1,0,ERR369704
1090188,3,0,ERR502248
1091421,355,0,ERR502429
1091980,1,0,ERR369704
1093927,2,0,ERR502316
1093947,352,0,ERR502429
1105393,1,0,ERR369748
1121086,1,0,ERR502410
1121703,2,0,ERR502248
1131229,1,0,ERR369704
1151485,1,0,ERR369704
1165521,413,0,ERR600676
1168715,413,0,ERR600676
1188545,343,0,ERR502429
1189158,2,0,ERR502248
1189253,1,0,ERR369704
1212626,1,0,ERR369704
1213032,1,0,ERR369704
1213692,361,0,ERR568778
1215104,2,0,ERR502248
1218133,353,0,ERR568778
1263146,1,0,ERR369759
1271143,1,0,ERR369704
1273250,3,0,ERR502248
1277869,413,0,ERR600676
1301873,1,0,ERR369704
1305592,358,0,ERR600676
1313337,403,0,ERR600675
1334236,1,0,ERR502389
1339989,1,0,ERR369704
1348518,1,0,ERR369704
1365837,413,0,ERR600676
1376568,2,0,ERR502248
1384230,3,0,ERR502346
1385181,1,0,ERR369704
1386010,2,0,ERR502248
1386016,1,0,ERR369667
1409030,1,0,ERR369704
1413391,1,0,ERR502248
1414787,1,0,ERR369704
1441544,2,0,ERR502248
1451881,4,0,ERR600654
1468913,1,0,ERR369704
1472487,406,0,ERR600676
1488557,1,0,ERR502243
1488614,1,0,ERR369704
1499212,2,0,ERR502248
1532811,409,0,ERR600676
1535150,1,0,ERR600662
1536521,406,0,ERR600676
1561561,1,0,ERR502380
1579898,1,0,ERR369704
1612647,367,0,ERR600675
1632543,300,0,ERR502429
1634522,1,0,ERR369704
1636169,3,0,ERR502248
1636172,3,0,ERR502248
1636917,52,0,ERR502413
1636926,8,0,ERR502410
1636927,1,0,ERR502343
1636933,7,0,ERR502418
1636935,1,0,ERR502248
1636943,4,0,ERR502391
1637693,1,0,ERR369667
1638139,12,0,ERR369672
1696499,1,0,ERR369704
1710766,1,0,ERR502248
1718911,1,0,ERR369704
1753519,413,0,ERR600676
1754016,1,0,ERR369704
1766689,1,0,ERR369704
1779278,399,0,ERR600676
1780586,3,0,ERR502248
1784237,2,0,ERR502248
1864870,1,0,ERR502410
1864940,1,0,ERR369704
1874993,1,0,ERR369704
1884132,2,0,ERR502248
1887153,1,0,ERR369704
1894300,413,0,ERR600676
1894301,1,0,ERR369620
1897542,402,0,ERR600676
1916046,1,0,ERR369704
1944666,1,0,ERR369709
1948768,409,0,ERR600676
1987459,2,0,ERR502248
1989057,1,0,ERR369755
1990551,1,0,ERR369704
1998460,1,0,ERR369719
2001686,1,0,ERR369704
2029086,153,0,ERR600675
2047425,1,0,ERR369704
2052973,1,0,ERR369704
2058949,2,0,ERR502248
2059523,399,0,ERR600676
2061433,1,0,ERR369704
2061660,1,0,ERR369704
2061864,2,0,ERR502248
2074513,34,0,ERR600670
2087979,1,0,ERR502426
2090400,1,0,ERR369704
2090408,1,0,ERR369704
2094911,413,0,ERR600676
2109523,413,0,ERR600676
2131925,8,0,ERR502407
2133468,267,0,ERR600676
2133474,412,0,ERR600676
2135070,1,0,ERR369625
2135084,1,0,ERR369625
2137521,3,0,ERR502248
2138245,410,0,ERR600676
2139779,1,0,ERR502406
2143327,2,0,ERR502248
2143523,1,0,ERR369704
2146097,363,0,ERR568779
2147657,1,0,ERR369704
2158563,1,0,ERR369704
2161343,3,0,ERR502248
2181805,409,0,ERR600676
2199321,52,0,ERR600676
2207591,413,0,ERR600676
2219955,1,0,ERR369704
2220940,2,0,ERR502248
2221746,409,0,ERR600676
2234247,1,0,ERR502248
2235169,2,0,ERR502248
2288850,1,0,ERR502304
2289365,2,0,ERR502248
2300205,1,0,ERR369704
2300209,1,0,ERR369704
2307586,2,0,ERR502248
2316747,1,0,ERR369735
2327903,1,0,ERR369704
2338194,4,0,ERR502248
2338201,1,0,ERR369667
2339425,397,0,ERR600676
2342649,3,0,ERR502248
2342650,1,0,ERR502248
2346742,1,0,ERR369675
2347495,1,0,ERR369700
2347496,1,0,ERR369711
2347499,177,0,ERR502427
2352071,3,0,ERR502406
2357268,387,0,ERR600676
2358029,3,0,ERR502248
2363029,1,0,ERR369704
2367060,2,0,ERR502248
2368564,413,0,ERR600676
2372492,2,0,ERR600631
2382286,2,0,ERR502248
2387542,1,0,ERR369704
2421975,3,0,ERR502248
2423447,1,0,ERR502362
2423800,322,0,ERR600647
2423818,1,0,ERR369704
2451927,1,0,ERR369704
2461390,13,0,ERR600671
2501147,1,0,ERR369704
2522481,1,0,ERR369704
2523205,368,0,ERR600675
2525722,413,0,ERR600676
2529277,409,0,ERR600676
2534562,413,0,ERR600676
2536625,2,0,ERR502248
2547529,1,0,ERR369704
2557898,409,0,ERR600676
2558972,2,0,ERR502248
2564368,3,0,ERR502248
2566766,3,0,ERR502248
2592063,1,0,ERR369704
2597092,1,0,ERR502417
2604156,1,0,ERR502248
2604712,1,0,ERR502406
2606797,1,0,ERR369704
2626010,50,0,ERR600674
2626017,19,0,ERR600666
2627947,1,0,ERR369704
2628901,1,0,ERR502350
2631009,2,0,ERR502248
2632341,2,0,ERR502248
2636931,1,0,ERR369704
2673261,409,0,ERR600676
2704884,246,0,ERR600676
2704885,405,0,ERR600676
2716326,1,0,ERR369704
2724180,3,0,ERR502248
2724201,3,0,ERR502248
2795973,2,0,ERR502248
2796459,1,0,ERR369704
2796468,2,0,ERR502248
2796824,1,0,ERR600634
2796833,366,0,ERR600676
2799488,1,0,ERR369704
2803138,2,0,ERR502248
2865444,409,0,ERR600676
2867737,1,0,ERR600662
2881582,409,0,ERR600676
2881597,413,0,ERR600676
2887177,1,0,ERR369627
2943711,1,0,ERR502248
2957568,1,0,ERR369704
2959256,2,0,ERR502248
3004004,1,0,ERR600645
3007114,1,0,ERR369704
3015119,1,0,ERR369704
3059811,1,0,ERR502248
3059829,1,0,ERR502248
3077761,407,0,ERR600675
3085119,1,0,ERR369704
3107800,1,0,ERR600665
3114515,2,0,ERR502248
3119736,1,0,ERR502406
3119956,1,0,ERR369667
3120519,1,0,ERR502366
3120523,1,0,ERR369688
3121878,1,0,ERR502366
3122121,1,0,ERR369620
3123425,1,0,ERR502406
3130748,2,0,ERR502248
3131469,399,0,ERR600676
3135949,2,0,ERR369704
3155981,2,0,ERR600660
3165373,2,0,ERR502248
3190145,413,0,ERR600676
3194199,384,0,ERR600676
3194241,3,0,ERR502248
3194305,1,0,ERR369620
3232698,1,0,ERR369704
3247297,1,0,ERR369667
3247864,407,0,ERR600676
3247865,407,0,ERR600676
3291446,4,0,ERR600672
3296371,3,0,ERR502248
3306163,1,0,ERR369704
3315725,2,0,ERR502248
3331361,3,0,ERR502248
3336561,3,0,ERR502248
3336679,1,0,ERR502248
3351158,3,0,ERR600676
3366409,1,0,ERR369704
3379725,5,0,ERR600661
3380439,46,0,ERR502413
3415180,413,0,ERR600676
3415197,401,0,ERR600676
3423255,325,0,ERR502429
3425761,409,0,ERR600676
3460684,1,0,ERR502401
3473996,413,0,ERR600676
3494295,1,0,ERR369704
3494820,1,0,ERR369704
3501224,1,0,ERR369704
3501536,2,0,ERR502248
3509299,2,0,ERR502248
3510911,1,0,ERR369704
3527981,1,0,ERR369704
3531000,409,0,ERR600676
3539139,1,0,ERR369704
3551117,1,0,ERR369704
3568995,1,0,ERR369640
3580636,413,0,ERR600676
3590686,406,0,ERR600676
3594346,1,0,ERR517399
3610391,3,0,ERR502248
3610668,1,0,ERR369704
3611286,2,0,ERR502248
3682717,1,0,ERR369704
3710381,1,0,ERR369667
3723901,1,0,ERR369704
3730675,1,0,ERR502248
3730680,1,0,ERR369667
3730927,1,0,ERR369704
3732138,1,0,ERR369620
3732528,1,0,ERR369728
3732635,1,0,ERR502254
3732652,1,0,ERR369729
3732705,15,0,ERR568778
3732720,109,0,ERR600666
3732726,200,0,ERR600675
3732747,1,0,ERR502305
3736210,40,0,ERR600647
3737466,1,0,ERR502248
3737478,3,0,ERR502280
3737623,1,0,ERR369690
3738416,3,0,ERR502248
3738418,2,0,ERR502248
3738534,325,0,ERR502429
3739244,1,0,ERR369704
3739496,2,0,ERR502248
3740698,1,0,ERR369704
3740714,1,0,ERR369620
3741286,4,0,ERR502248
3741963,1,0,ERR369704
3742991,1,0,ERR369704
3753410,2,0,ERR502374
3753629,2,0,ERR502248
3767442,1,0,ERR502344
3772833,2,0,ERR502248
3779382,1,0,ERR369741
3779565,1,0,ERR369704
3779571,1,0,ERR369704
3779671,22,0,ERR502418
3785171,408,0,ERR600676
3794867,3,0,ERR502248
3803517,1,0,ERR369704
3803836,1,0,ERR369704
3820444,1,0,ERR502410
3820485,1,0,ERR502345
3820501,3,0,ERR600653
3820560,1,0,ERR369605
3827673,2,0,ERR502392
3842460,1,0,ERR369620
3843407,412,0,ERR600676
3844756,412,0,ERR600676
3846666,1,0,ERR369613
3846686,21,0,ERR502372
3846698,1,0,ERR600655
3846843,1,0,ERR502248
3846881,3,0,ERR502248
3862472,412,0,ERR600676
3874722,3,0,ERR502248
3880284,2,0,ERR502248
3888172,1,0,ERR369667
3890799,1,0,ERR600659
3895244,1,0,ERR369704
3895247,1,0,ERR369704
3904957,407,0,ERR600676
3906462,2,0,ERR502248
3927775,2,0,ERR502240
3928029,1,0,ERR502384
3928319,1,0,ERR369704
3928784,3,0,ERR502382
3928799,50,0,ERR502422
3929105,1,0,ERR502248
3929949,1,0,ERR369704
3930383,223,0,ERR502428
3930466,1,0,ERR369704
3930476,303,0,ERR502429
3931619,1,0,ERR369638
3931634,1,0,ERR369638
3931724,1,0,ERR502248
3931730,281,0,ERR502429
3931835,1,0,ERR502395
3932609,1,0,ERR369704
3932626,1,0,ERR369704
3933514,1,0,ERR369620
3934219,1,0,ERR502369
3935375,1,0,ERR502271
3935411,1,0,ERR502290
3935423,1,0,ERR502254
3935431,1,0,ERR502337
3935459,1,0,ERR502386
3935470,5,0,ERR502324
3935550,1,0,ERR502265
3935555,14,0,ERR502419
3935684,297,0,ERR502429
3935687,1,0,ERR502259
3936085,35,0,ERR502426
3941439,1,0,ERR502386
3941491,177,0,ERR502429
3941572,29,0,ERR600675
3941678,2,0,ERR502314
3941723,339,0,ERR502429
3943089,353,0,ERR502429
3943162,1,0,ERR369704
3944507,1,0,ERR369662
3946513,1,0,ERR502248
3946519,328,0,ERR502429
3949189,1,0,ERR369696
3949194,1,0,ERR369723
3949195,1,0,ERR369713
3949196,1,0,ERR369660
3949197,1,0,ERR369619
3949203,1,0,ERR369743
3949209,1,0,ERR369658
3949210,2,0,ERR369620
3949211,1,0,ERR369651
3949212,2,0,ERR369671
3949214,1,0,ERR369750
3949215,1,0,ERR369737
3949221,2,0,ERR369668
3949224,1,0,ERR369589
3949226,1,0,ERR369608
3949227,1,0,ERR369652
3949231,2,0,ERR369621
3949233,1,0,ERR369661
3949236,2,0,ERR369670
3949238,2,0,ERR502383
3949239,1,0,ERR369587
3949240,2,0,ERR369605
3949242,1,0,ERR369638
3949243,1,0,ERR369598
3949247,1,0,ERR369659
3949248,1,0,ERR369634
3949249,1,0,ERR369636
3949250,1,0,ERR369663
3949251,2,0,ERR369656
3949253,1,0,ERR369669
3949254,1,0,ERR369591
3949257,1,0,ERR369632
3949260,1,0,ERR369595
3949264,1,0,ERR369641
3949265,1,0,ERR369653
3949381,3,0,ERR369667
3949587,1,0,ERR369704
3952928,1,0,ERR502248
3955393,1,0,ERR369704
3969423,409,0,ERR600676
3971703,1,0,ERR502248
3998041,2,0,ERR502248
3999185,1,0,ERR369704
4032353,1,0,ERR369687
4037194,1,0,ERR369704
4052869,1,0,ERR502268
4053100,1,0,ERR600664
4053105,1,0,ERR600662
4075601,1,0,ERR502314
4078054,1,0,ERR369705
4080057,2,0,ERR502248
4087562,3,0,ERR600669
4092081,1,0,ERR369704
4094053,2,0,ERR502248
4094059,1,0,ERR369667
4094346,1,0,ERR502248
4094357,1,0,ERR369704
4095001,410,0,ERR600676
4097490,2,0,ERR502248
4112683,1,0,ERR369610
4155525,6,0,ERR600658
4160533,1,0,ERR369704
4168445,400,0,ERR600676
4168470,360,0,ERR600676
4169666,1,0,ERR369704
4170964,3,0,ERR502248
4174109,14,0,ERR600642
4189257,1,0,ERR502248
4197138,3,0,ERR502248
4198611,413,0,ERR600676
4203375,2,0,ERR502299
4214233,1,0,ERR502248
4231641,407,0,ERR600676
4231873,2,0,ERR502248
4253582,1,0,ERR369704
4253909,1,0,ERR600670
4254330,1,0,ERR369704
4254332,1,0,ERR369704
4287575,1,0,ERR369704
4310743,1,0,ERR369704
4318420,1,0,ERR369704
4318639,2,0,ERR502248
4320002,2,0,ERR502405
4322039,2,0,ERR502248
4326718,1,0,ERR600658
4338430,1,0,ERR369704
4338595,412,0,ERR600676
4340997,1,0,ERR369704
4341396,1,0,ERR369704
4341401,1,0,ERR369704
4348771,1,0,ERR517400
4353359,2,0,ERR600652
4356864,1,0,ERR369704
4369613,1,0,ERR369667
4383144,413,0,ERR600676
4385031,1,0,ERR369704
4386016,409,0,ERR600676
4386107,1,0,ERR369704
4386603,1,0,ERR502410
4400660,409,0,ERR600676
4407851,1,0,ERR502410
4408100,1,0,ERR600662
